[gd_scene load_steps=5 format=3 uid="uid://euy6jk6wb04i"]

[ext_resource type="PackedScene" uid="uid://yv2t1d2k4bj7" path="res://game/enemies/helli.blend" id="1_c0tpe"]
[ext_resource type="PackedScene" path="res://game/placeables/buildings/JapaneseFlat.tscn" id="2_8u5rf"]
[ext_resource type="PackedScene" uid="uid://bojqj72vx6lst" path="res://2x2_modern_cannontower.tscn" id="3_wuwpu"]
[ext_resource type="AudioStream" uid="uid://dg7ho3xaxtn74" path="res://assets/audio/sound/sound effects/helicopter-sound-41975.mp3" id="4_gbypx"]

[node name="helli" instance=ExtResource("1_c0tpe")]

[node name="Placeable" parent="." index="6" instance=ExtResource("2_8u5rf")]
transform = Transform3D(1, 0, 0, 0, 1, 0, 0, 0, 1, -0.00872993, -4.91364, -0.000522852)

[node name="Placeable2" parent="." index="7" instance=ExtResource("3_wuwpu")]
transform = Transform3D(-0.0010502, -0.00102508, -0.999999, 0.0281308, -0.999604, 0.000995132, -0.999604, -0.0281297, 0.00107861, -2.12444, -5.05798, 2.0573)

[node name="Placeable3" parent="." index="8" instance=ExtResource("3_wuwpu")]
transform = Transform3D(-0.0010502, -0.00102508, -0.999999, 0.0281308, -0.999604, 0.000995132, -0.999604, -0.0281297, 0.00107861, 2.11562, -5.05798, 2.0573)

[node name="Placeable4" parent="." index="9" instance=ExtResource("3_wuwpu")]
transform = Transform3D(-0.0010502, -0.00102508, -0.999999, 0.0281308, -0.999604, 0.000995132, -0.999604, -0.0281297, 0.00107861, 2.11562, -5.05798, -2.27041)

[node name="Placeable5" parent="." index="10" instance=ExtResource("3_wuwpu")]
transform = Transform3D(-0.0010502, -0.00102508, -0.999999, 0.0281308, -0.999604, 0.000995132, -0.999604, -0.0281297, 0.00107861, -2.23401, -5.05798, -2.27041)

[node name="Placeable6" parent="." index="11" instance=ExtResource("3_wuwpu")]
transform = Transform3D(-0.0010502, -0.00102508, -0.999999, 0.0281308, -0.999604, 0.000995132, -0.999604, -0.0281297, 0.00107861, -2.23401, -5.05798, -2.27041)

[node name="AudioStreamPlayer3D" type="AudioStreamPlayer3D" parent="." index="12"]
stream = ExtResource("4_gbypx")
